   0.00000000      -0.0000000000000000     
  0.500000000      -0.0000000000000000     
   1.00000000      -0.0000000000000000     
   1.50000000      -0.0000000000000000     
   2.00000000      -0.0000000000000000     
   2.50000000      -0.0000000000000000     
   3.00000000      -0.0000000000000000     
   3.50000000       2.3247037729179798E-002
   4.00000000      -3.5620185776942481E-002
   4.50000000      -4.3453567882480115E-002
   5.00000000      -5.9324203599676828E-002
   5.50000000     -0.21637908220777424     
   6.00000000     -0.29493580085793925     
   6.50000000     -0.39147922366017873     
   7.00000000     -0.45663350127946467     
   7.50000000     -0.81228181781658959     
   8.00000000      -1.7598540030296355     
   8.50000000      -3.2446149774311892     
   9.00000000      -6.0402525804488949     
   9.50000000      -9.3478143669075298     
   10.0000000      -13.510136590681121     
   10.5000000      -17.328362895092219     
   11.0000000      -22.181540082612695     
   11.5000000      -27.346013373716890     
   12.0000000      -32.393446448824200     
   12.5000000      -43.017869584498044     
   13.0000000      -48.216822426840515     
   13.5000000      -52.447771760125150     
   14.0000000      -58.520569210323494     
   14.5000000      -63.034541730603877     
   15.0000000      -69.625412538475601     
   15.5000000      -91.811196580137107     
   16.0000000      -95.687247261329773     
   16.5000000      -99.188620583995714     
   17.0000000      -103.19741359631395     
   17.5000000      -105.29520524413505     
   18.0000000      -107.08435202903367     
   18.5000000      -108.75216021830386     
   19.0000000      -110.44743577374894     
   19.5000000      -111.99869091850231     
   20.0000000      -113.05043838395470     
   20.5000000      -113.93105824360906     
   21.0000000      -114.89052086976665     
   21.5000000      -115.74897224097225     
   22.0000000      -116.63901994412902     
   22.5000000      -117.40453567587512     
   23.0000000      -118.17005140588925     
   23.5000000      -119.32889340277983     
   24.0000000      -120.48773539788453     
   24.5000000      -121.67269748949369     
   25.0000000      -122.85765958204051     
   25.5000000      -124.85024734682621     
   26.0000000      -126.84283511220771     
   26.5000000      -128.81582657475130     
   27.0000000      -130.78881803905415     
   27.5000000      -126.48938323485790     
   28.0000000      -122.18994843036731     
   28.5000000      -115.37297170203112     
   29.0000000      -108.55599497383331     
   29.5000000      -101.23318923414942     
   30.0000000      -93.910383494115720     
   30.5000000      -88.853716904632321     
   31.0000000      -83.797050318082555     
   31.5000000      -84.393924853111812     
   32.0000000      -84.990799387588623     
   32.5000000      -85.771102057083738     
   33.0000000      -86.551404724911649     
   33.5000000      -87.404390479118220     
   34.0000000      -88.257376229712818     
   34.5000000      -89.110361983172211     
   35.0000000      -89.963347736359822     
   35.5000000      -90.541060498135096     
   36.0000000      -91.118773259493324     
   36.5000000      -91.696486020264473     
   37.0000000      -92.274198781943937     
   37.5000000      -92.114668743287453     
   38.0000000      -91.955138704740577     
   38.5000000      -91.795608665479008     
   39.0000000      -91.636078627261696     
   39.5000000      -91.014450554360536     
   40.0000000      -90.392822481372392     
   40.5000000      -89.771194406050384     
   41.0000000      -89.149566333197626     
   41.5000000      -88.571665660664252     
   42.0000000      -87.993764988213286     
   42.5000000      -87.415864316167244     
   43.0000000      -86.837963643283203     
   43.5000000      -86.089314856512331     
   44.0000000      -85.340666070972247     
   44.5000000      -84.592017287507588     
   45.0000000      -83.843368500800779     
   45.5000000      -83.285526716215998     
   46.0000000      -82.727684929524642     
   46.5000000      -82.169843145018291     
   47.0000000      -81.612001359185854     
   47.5000000      -81.206150383607138     
   48.0000000      -80.800299406588209     
   48.5000000      -80.394448427894275     
   49.0000000      -79.988597452525681     
   49.5000000      -79.487219535069784     
   50.0000000      -78.985841616497567     
   50.5000000      -78.484463700186652     
   51.0000000      -77.983085782373138     
   51.5000000      -77.165577801122339     
   52.0000000      -76.348069818942335     
   52.5000000      -75.530561835907505     
   53.0000000      -74.713053854921483     
   53.5000000      -74.543775134068440     
   54.0000000      -74.374496413764248     
   54.5000000      -74.205217693640748     
   55.0000000      -74.035938972781935     
   55.5000000      -74.277767774145630     
   56.0000000      -74.519596575469777     
   56.5000000      -74.761425376675376     
   57.0000000      -75.003254177944527     
   57.5000000      -75.697281783034143     
   58.0000000      -76.391309385786641     
   58.5000000      -77.085336990002830     
   59.0000000      -77.779364594538137     
   59.5000000      -79.242084965483357     
   60.0000000      -80.704805339561275     
   60.5000000      -82.167525711291660     
   61.0000000      -83.630246082812434     
   61.5000000      -85.082682697990407     
   62.0000000      -86.535119313358877     
   62.5000000      -87.987555927551398     
   63.0000000      -89.439992542718130     
   63.5000000      -90.256285408855348     
   64.0000000      -91.072578271306753     
   64.5000000      -91.888871132169200     
   65.0000000      -92.705163997428656     
   65.5000000      -92.221865560329334     
   66.0000000      -91.738567124262175     
   66.5000000      -91.255268686914860     
   67.0000000      -90.771970250889865     
   67.5000000      -88.775078280959448     
   68.0000000      -86.778186311115945     
   68.5000000      -84.781294339011382     
   69.0000000      -82.784402369980882     
   69.5000000      -79.483376129640533     
   70.0000000      -76.182349889239276     
   70.5000000      -72.881323648623564     
   71.0000000      -69.580297410033111     
   71.5000000      -66.290278127041390     
   72.0000000      -63.000258844617335     
   72.5000000      -59.710239563816856     
   73.0000000      -56.420220281220182     
   73.5000000      -54.377107657870589     
   74.0000000      -52.333995036973114     
   74.5000000      -50.290882416846458     
   75.0000000      -48.247769793956138     
   75.5000000      -46.931549193266370     
   76.0000000      -45.615328589857086     
   76.5000000      -44.299107990011493     
   77.0000000      -42.982887388791134     
   77.5000000      -41.686720513284300     
   78.0000000      -40.390553640905587     
   78.5000000      -39.094386768175831     
   79.0000000      -37.798219892190822     
   79.5000000      -37.141535254730712     
   80.0000000      -36.484850616912610     
   80.5000000      -35.828165976848268     
   81.0000000      -35.171481340348627     
   81.5000000      -36.627318106035972     
   82.0000000      -38.083154871929288     
   82.5000000      -39.538991637112737     
   83.0000000      -40.994828404432617     
   83.5000000      -43.088208437102821     
   84.0000000      -45.181588470054358     
   84.5000000      -47.274968503595538     
   85.0000000      -49.368348535284483     
   85.5000000      -49.806950063644749     
   86.0000000      -50.245551595042777     
   86.5000000      -50.684153122751376     
   87.0000000      -51.122754651727348     
   87.5000000      -50.982276545209324     
   88.0000000      -50.841798441215985     
   88.5000000      -50.701320334796797     
   89.0000000      -50.560842229481771     
   89.5000000      -50.487305132806149     
   90.0000000      -50.413768035680931     
   90.5000000      -50.340230938496461     
   91.0000000      -50.266693842325253     
   91.5000000      -49.747443879276133     
   92.0000000      -49.228193917534753     
   92.5000000      -48.708943956270346     
   93.0000000      -48.189693993580022     
   93.5000000      -46.935954606564984     
   94.0000000      -45.682215216254612     
   94.5000000      -44.428475826881808     
   95.0000000      -43.174736439488051     
   95.5000000      -42.376647322681777     
   96.0000000      -41.578558201076483     
   96.5000000      -40.780469083861000     
   97.0000000      -39.982379967310195     
   97.5000000      -39.255820063609306     
   98.0000000      -38.529260157184851     
   98.5000000      -37.802700253230903     
   99.0000000      -37.076140350493986     
   99.5000000      -36.809035611554378     
   100.000000      -36.541930876532987     
   100.500000      -36.274826140352047     
   101.000000      -36.007721402944590     
   101.500000      -36.851555615803342     
   102.000000      -37.695389829402608     
   102.500000      -38.539224046411633     
   103.000000      -39.383058259221102     
   103.500000      -40.290545822453005     
   104.000000      -41.198033383589610     
   104.500000      -42.105520947138686     
   105.000000      -43.013008511584744     
   105.500000      -43.636893667003157     
   106.000000      -44.260778821319427     
   106.500000      -44.884663977358727     
   107.000000      -45.508549132535968     
   107.500000      -46.101744164410270     
   108.000000      -46.694939195591061     
   108.500000      -47.288134224992255     
   109.000000      -47.881329256174006     
   109.500000      -47.826244094174086     
   110.000000      -47.771158932285985     
   110.500000      -47.716073769728141     
   111.000000      -47.660988608493874     
   111.500000      -45.886453962229069     
   112.000000      -44.111919316731829     
   112.500000      -42.337384669076741     
   113.000000      -40.562850022090181     
   113.500000      -37.266158527474076     
   114.000000      -33.969467033030838     
   114.500000      -30.672775536537269     
   115.000000      -27.376084041484869     
   115.500000      -24.707570338254062     
   116.000000      -22.039056633145865     
   116.500000      -19.370542927260963     
   117.000000      -16.702029223950930     
   117.500000      -14.930791319039923     
   118.000000      -13.159553414181545     
   118.500000      -11.388315510832747     
   119.000000      -9.6170776059636651     
   119.500000      -7.5743825901141619     
   120.000000      -5.5316875744251082     
   120.500000      -3.4889925590254065     
   121.000000      -1.4462975427015441     
   121.500000     -0.28120820830100968     
   122.000000      0.88388112675897679     
   122.500000       2.0489704607715740     
   123.000000       3.2140597948291085     
   123.500000      -0.0000000000000000     
   124.000000      -0.0000000000000000     
   124.500000      -0.0000000000000000     
   125.000000      -0.0000000000000000     
   125.500000      -0.0000000000000000     
   126.000000       2.3247037729179798E-002
   126.500000      -3.5620185776942481E-002
   127.000000      -4.3453567882480115E-002
   127.500000      -5.9324203599676828E-002
   128.000000     -0.21637908220777424     
   128.500000     -0.29493580085793925     
   129.000000     -0.39147922366017873     
   129.500000     -0.45663350127946467     
   130.000000     -0.81228181781658959     
   130.500000      -1.7598540030296355     
   131.000000      -3.2446149774311892     
   131.500000      -6.0402525804488949     
   132.000000      -9.3478143669075298     
   132.500000      -13.510136590681121     
   133.000000      -17.328362895092219     
   133.500000      -22.181540082612695     
   134.000000      -27.346013373716890     
   134.500000      -32.393446448824200     
   135.000000      -43.017869584498044     
   135.500000      -48.216822426840515     
   136.000000      -52.447771760125150     
   136.500000      -58.520569210323494     
   137.000000      -63.034541730603877     
   137.500000      -69.625412538475601     
   138.000000      -91.811196580137107     
   138.500000      -95.687247261329773     
   139.000000      -99.188620583995714     
   139.500000      -103.19741359631395     
   140.000000      -105.29520524413505     
   140.500000      -107.08435202903367     
   141.000000      -108.75216021830386     
   141.500000      -110.44743577374894     
   142.000000      -111.99869091850231     
   142.500000      -113.05043838395470     
   143.000000      -113.93105824360906     
   143.500000      -114.89052086976665     
   144.000000      -115.74897224097225     
   144.500000      -116.63901994412902     
   145.000000      -117.40453567587512     
   145.500000      -118.17005140588925     
   146.000000      -119.32889340277983     
   146.500000      -120.48773539788453     
   147.000000      -121.67269748949369     
   147.500000      -122.85765958204051     
   148.000000      -124.85024734682621     
   148.500000      -126.84283511220771     
   149.000000      -128.81582657475130     
   149.500000      -130.78881803905415     
   150.000000      -126.48938323485790     
   150.500000      -122.18994843036731     
   151.000000      -115.37297170203112     
   151.500000      -108.55599497383331     
   152.000000      -101.23318923414942     
   152.500000      -93.910383494115720     
   153.000000      -88.853716904632321     
   153.500000      -83.797050318082555     
   154.000000      -84.393924853111812     
   154.500000      -84.990799387588623     
   155.000000      -85.771102057083738     
   155.500000      -86.551404724911649     
   156.000000      -87.404390479118220     
   156.500000      -88.257376229712818     
   157.000000      -89.110361983172211     
   157.500000      -89.963347736359822     
   158.000000      -90.541060498135096     
   158.500000      -91.118773259493324     
   159.000000      -91.696486020264473     
   159.500000      -92.274198781943937     
   160.000000      -92.114668743287453     
   160.500000      -91.955138704740577     
   161.000000      -91.795608665479008     
   161.500000      -91.636078627261696     
   162.000000      -91.014450554360536     
   162.500000      -90.392822481372392     
   163.000000      -89.771194406050384     
   163.500000      -89.149566333197626     
   164.000000      -88.571665660664252     
   164.500000      -87.993764988213286     
   165.000000      -87.415864316167244     
   165.500000      -86.837963643283203     
   166.000000      -86.089314856512331     
   166.500000      -85.340666070972247     
   167.000000      -84.592017287507588     
   167.500000      -83.843368500800779     
   168.000000      -83.285526716215998     
   168.500000      -82.727684929524642     
   169.000000      -82.169843145018291     
   169.500000      -81.612001359185854     
   170.000000      -81.206150383607138     
   170.500000      -80.800299406588209     
   171.000000      -80.394448427894275     
   171.500000      -79.988597452525681     
   172.000000      -79.487219535069784     
   172.500000      -78.985841616497567     
   173.000000      -78.484463700186652     
   173.500000      -77.983085782373138     
   174.000000      -77.165577801122339     
   174.500000      -76.348069818942335     
   175.000000      -75.530561835907505     
   175.500000      -74.713053854921483     
   176.000000      -74.543775134068440     
   176.500000      -74.374496413764248     
   177.000000      -74.205217693640748     
   177.500000      -74.035938972781935     
   178.000000      -74.277767774145630     
   178.500000      -74.519596575469777     
   179.000000      -74.761425376675376     
   179.500000      -75.003254177944527     
   180.000000      -75.697281783034143     
   180.500000      -76.391309385786641     
   181.000000      -77.085336990002830     
   181.500000      -77.779364594538137     
   182.000000      -79.242084965483357     
   182.500000      -80.704805339561275     
   183.000000      -82.167525711291660     
   183.500000      -83.630246082812434     
   184.000000      -85.082682697990407     
   184.500000      -86.535119313358877     
   185.000000      -87.987555927551398     
   185.500000      -89.439992542718130     
   186.000000      -90.256285408855348     
   186.500000      -91.072578271306753     
   187.000000      -91.888871132169200     
   187.500000      -92.705163997428656     
   188.000000      -92.221865560329334     
   188.500000      -91.738567124262175     
   189.000000      -91.255268686914860     
   189.500000      -90.771970250889865     
   190.000000      -88.775078280959448     
   190.500000      -86.778186311115945     
   191.000000      -84.781294339011382     
   191.500000      -82.784402369980882     
   192.000000      -79.483376129640533     
   192.500000      -76.182349889239276     
   193.000000      -72.881323648623564     
   193.500000      -69.580297410033111     
   194.000000      -66.290278127041390     
   194.500000      -63.000258844617335     
   195.000000      -59.710239563816856     
   195.500000      -56.420220281220182     
   196.000000      -54.377107657870589     
   196.500000      -52.333995036973114     
   197.000000      -50.290882416846458     
   197.500000      -48.247769793956138     
   198.000000      -46.931549193266370     
   198.500000      -45.615328589857086     
   199.000000      -44.299107990011493     
   199.500000      -42.982887388791134     
   200.000000      -41.686720513284300     
   200.500000      -40.390553640905587     
   201.000000      -39.094386768175831     
   201.500000      -37.798219892190822     
   202.000000      -37.141535254730712     
   202.500000      -36.484850616912610     
   203.000000      -35.828165976848268     
   203.500000      -35.171481340348627     
   204.000000      -36.627318106035972     
   204.500000      -38.083154871929288     
   205.000000      -39.538991637112737     
   205.500000      -40.994828404432617     
   206.000000      -43.088208437102821     
   206.500000      -45.181588470054358     
   207.000000      -47.274968503595538     
   207.500000      -49.368348535284483     
   208.000000      -49.806950063644749     
   208.500000      -50.245551595042777     
   209.000000      -50.684153122751376     
   209.500000      -51.122754651727348     
   210.000000      -50.982276545209324     
   210.500000      -50.841798441215985     
   211.000000      -50.701320334796797     
   211.500000      -50.560842229481771     
   212.000000      -50.487305132806149     
   212.500000      -50.413768035680931     
   213.000000      -50.340230938496461     
   213.500000      -50.266693842325253     
   214.000000      -49.747443879276133     
   214.500000      -49.228193917534753     
   215.000000      -48.708943956270346     
   215.500000      -48.189693993580022     
   216.000000      -46.935954606564984     
   216.500000      -45.682215216254612     
   217.000000      -44.428475826881808     
   217.500000      -43.174736439488051     
   218.000000      -42.376647322681777     
   218.500000      -41.578558201076483     
   219.000000      -40.780469083861000     
   219.500000      -39.982379967310195     
   220.000000      -39.255820063609306     
   220.500000      -38.529260157184851     
   221.000000      -37.802700253230903     
   221.500000      -37.076140350493986     
   222.000000      -36.809035611554378     
   222.500000      -36.541930876532987     
   223.000000      -36.274826140352047     
   223.500000      -36.007721402944590     
   224.000000      -36.851555615803342     
   224.500000      -37.695389829402608     
   225.000000      -38.539224046411633     
   225.500000      -39.383058259221102     
   226.000000      -40.290545822453005     
   226.500000      -41.198033383589610     
   227.000000      -42.105520947138686     
   227.500000      -43.013008511584744     
   228.000000      -43.636893667003157     
   228.500000      -44.260778821319427     
   229.000000      -44.884663977358727     
   229.500000      -45.508549132535968     
   230.000000      -46.101744164410270     
   230.500000      -46.694939195591061     
   231.000000      -47.288134224992255     
   231.500000      -47.881329256174006     
   232.000000      -47.826244094174086     
   232.500000      -47.771158932285985     
   233.000000      -47.716073769728141     
   233.500000      -47.660988608493874     
   234.000000      -45.886453962229069     
   234.500000      -44.111919316731829     
   235.000000      -42.337384669076741     
   235.500000      -40.562850022090181     
   236.000000      -37.266158527474076     
   236.500000      -33.969467033030838     
   237.000000      -30.672775536537269     
   237.500000      -27.376084041484869     
   238.000000      -24.707570338254062     
   238.500000      -22.039056633145865     
   239.000000      -19.370542927260963     
   239.500000      -16.702029223950930     
   240.000000      -14.930791319039923     
   240.500000      -13.159553414181545     
   241.000000      -11.388315510832747     
   241.500000      -9.6170776059636651     
   242.000000      -7.5743825901141619     
   242.500000      -5.5316875744251082     
   243.000000      -3.4889925590254065     
   243.500000      -1.4462975427015441     
   244.000000     -0.28120820830100968     
   244.500000      0.88388112675897679     
   245.000000       2.0489704607715740     
