  0.0000000E+00  0.000000000000000E+000
   1.000000      0.000000000000000E+000
   2.000000     -0.148383032208713     
   3.000000     -0.389504926046790     
   4.000000     -0.563154746280655     
   5.000000     -0.554406562959780     
   6.000000     -0.691680288632729     
   7.000000      -1.05108257847342     
   8.000000      -2.93193266646838     
   9.000000      -7.12419498765842     
   10.00000      -11.0137222912887     
   11.00000      -17.6326212636569     
   12.00000      -27.0127818843998     
   13.00000      -47.2408909507866     
   14.00000      -66.9264249865719     
   15.00000      -81.5442032112527     
   16.00000      -92.9010896201179     
   17.00000      -105.887951659744     
   18.00000      -110.475679761161     
   19.00000      -110.394304412293     
   20.00000      -108.823025298943     
