   0.00000000      -0.0000000000000000     
  0.500000000      -0.0000000000000000     
   1.00000000      -0.0000000000000000     
   1.50000000       5.4855332654237254E-002
   2.00000000      0.11235432263521616     
   2.50000000      0.10000188220305561     
   3.00000000       8.9954805611854094E-002
   3.50000000       3.1172957696712911E-002
   4.00000000      -2.2587238839974710E-002
   4.50000000      -3.9248566468873536E-002
   5.00000000      -5.3353863973998439E-002
   5.50000000     -0.75407256019092717     
   6.00000000      -1.3268239618964661     
   6.50000000      -1.9078761780477000     
   7.00000000      -2.4553333873912275     
   7.50000000      -3.1403629182748838     
   8.00000000      -3.7907943883430275     
   8.50000000      -5.0940465843908642     
   9.00000000      -6.3264705927077092     
   9.50000000      -12.331069018988208     
   10.0000000      -17.180671877014749     
   10.5000000      -20.957404166641627     
   11.0000000      -24.425223060948323     
   11.5000000      -30.039706634649363     
   12.0000000      -34.825705580976120     
   12.5000000      -48.533462888247676     
   13.0000000      -51.052027451277581     
   13.5000000      -57.109427997000438     
   14.0000000      -62.446837303181120     
   14.5000000      -69.265564427445810     
   15.0000000      -75.663038494725413     
   15.5000000      -96.557832068212292     
   16.0000000      -100.39959510756366     
   16.5000000      -107.73230474339471     
   17.0000000      -114.45361143146641     
   17.5000000      -115.62792586803997     
   18.0000000      -116.58960956486649     
   18.5000000      -118.49370428538015     
   19.0000000      -120.39779900589171     
   19.5000000      -121.48737618717841     
   20.0000000      -122.57695336846713     
   20.5000000      -123.72563559560716     
   21.0000000      -124.87431782274739     
   21.5000000      -125.77073605652460     
   22.0000000      -126.66715429030128     
   22.5000000      -127.07230177768749     
   23.0000000      -127.47744926507089     
   23.5000000      -127.87692117410676     
   24.0000000      -128.27639308314218     
   24.5000000      -128.68193765017134     
   25.0000000      -129.08748221719964     
   25.5000000      -129.46127508529275     
   26.0000000      -129.83506795338724     
   26.5000000      -130.20802710837310     
   27.0000000      -130.58098626335817     
   27.5000000      -127.18173508754377     
   28.0000000      -123.78248391175744     
   28.5000000      -117.52161107370257     
   29.0000000      -111.26073823570486     
   29.5000000      -104.91073520195731     
   30.0000000      -98.560732168169139     
   30.5000000      -94.944295670705870     
   31.0000000      -91.327859173226727     
   31.5000000      -91.883256823773479     
   32.0000000      -92.438654474342016     
   32.5000000      -93.496871029839042     
   33.0000000      -94.555087585333126     
   33.5000000      -95.639363472648100     
   34.0000000      -96.723639359933514     
   34.5000000      -97.807915247249483     
   35.0000000      -98.892191134557663     
   35.5000000      -99.671559200221822     
   36.0000000      -100.45092726588707     
   36.5000000      -101.23029533154832     
   37.0000000      -102.00966339721650     
   37.5000000      -101.83289541755437     
   38.0000000      -101.65612743788739     
   38.5000000      -101.47935945822708     
   39.0000000      -101.30259147856214     
   39.5000000      -100.62389627383766     
   40.0000000      -99.945201069109174     
   40.5000000      -99.266505864369293     
   41.0000000      -98.587810659649833     
   41.5000000      -97.946301997856978     
   42.0000000      -97.304793336058751     
   42.5000000      -96.663284674263423     
   43.0000000      -96.021776012457337     
   43.5000000      -95.215102006164926     
   44.0000000      -94.408427999887863     
   44.5000000      -93.601753993590819     
   45.0000000      -92.795079987303822     
   45.5000000      -92.193981094045867     
   46.0000000      -91.592882200783919     
   46.5000000      -90.991783307526234     
   47.0000000      -90.390684414260619     
   47.5000000      -90.085387328149963     
   48.0000000      -89.780090242013387     
   48.5000000      -89.474793155891859     
   49.0000000      -89.169496069787030     
   49.5000000      -88.627296705229526     
   50.0000000      -88.085097340673016     
   50.5000000      -87.542897976120472     
   51.0000000      -87.000698611573299     
   51.5000000      -86.153457788230398     
   52.0000000      -85.306216964882097     
   52.5000000      -84.458976141560825     
   53.0000000      -83.611735318222600     
   53.5000000      -83.428242264520264     
   54.0000000      -83.244749210824267     
   54.5000000      -83.061256157126707     
   55.0000000      -82.877763103421188     
   55.5000000      -83.147763661705881     
   56.0000000      -83.417764219977244     
   56.5000000      -83.687764778274357     
   57.0000000      -83.957765336544810     
   57.5000000      -84.677736059155052     
   58.0000000      -85.397706781719336     
   58.5000000      -86.117677504321804     
   59.0000000      -86.837648226900711     
   59.5000000      -88.278127855817417     
   60.0000000      -89.718607484737049     
   60.5000000      -91.159087113654778     
   61.0000000      -92.599566742569053     
   61.5000000      -94.180800191077623     
   62.0000000      -95.762033639593113     
   62.5000000      -97.343267088108078     
   63.0000000      -98.924500536621977     
   63.5000000      -99.814173882998034     
   64.0000000      -100.70384722937681     
   64.5000000      -101.59352057576558     
   65.0000000      -102.48319392213712     
   65.5000000      -101.95393331433559     
   66.0000000      -101.42467270653374     
   66.5000000      -100.89541209871122     
   67.0000000      -100.36615149090981     
   67.5000000      -98.180592057335190     
   68.0000000      -95.995032623747505     
   68.5000000      -93.809473190168532     
   69.0000000      -91.623913756594462     
   69.5000000      -88.088443502352348     
   70.0000000      -84.552973248099320     
   70.5000000      -81.017502993847856     
   71.0000000      -77.482032739608059     
   71.5000000      -73.892900622294462     
   72.0000000      -70.303768504993116     
   72.5000000      -66.714636387689112     
   73.0000000      -63.125504270376780     
   73.5000000      -60.718562364801976     
   74.0000000      -58.311620459208442     
   74.5000000      -55.904678553631648     
   75.0000000      -53.497736648058513     
   75.5000000      -52.100134151253002     
   76.0000000      -50.702531654442836     
   76.5000000      -49.304929157634227     
   77.0000000      -47.907326660839857     
   77.5000000      -46.470308403083529     
   78.0000000      -45.033290145331989     
   78.5000000      -43.596271887563972     
   79.0000000      -42.159253629830161     
   79.5000000      -41.491872697939762     
   80.0000000      -40.824491766063602     
   80.5000000      -40.157110834175690     
   81.0000000      -39.489729902294243     
   81.5000000      -41.005073373742718     
   82.0000000      -42.520416845183682     
   82.5000000      -44.035760316628355     
   83.0000000      -45.551103788076091     
   83.5000000      -47.697210803245717     
   84.0000000      -49.843317818434862     
   84.5000000      -51.989424833614486     
   85.0000000      -54.135531848792354     
   85.5000000      -54.530820688034552     
   86.0000000      -54.926109527287927     
   86.5000000      -55.321398366538126     
   87.0000000      -55.716687205778406     
   87.5000000      -55.516495096218478     
   88.0000000      -55.316302986661945     
   88.5000000      -55.116110877098805     
   89.0000000      -54.915918767544667     
   89.5000000      -54.952451656889863     
   90.0000000      -54.988984546227549     
   90.5000000      -55.025517435566897     
   91.0000000      -55.062050324922446     
   91.5000000      -54.516371736525919     
   92.0000000      -53.970693148113369     
   92.5000000      -53.425014559699243     
   93.0000000      -52.879335971301771     
   93.5000000      -51.556300275786718     
   94.0000000      -50.233264580274877     
   94.5000000      -48.910228884775904     
   95.0000000      -47.587193189279851     
   95.5000000      -46.744349952094502     
   96.0000000      -45.901506714929042     
   96.5000000      -45.058663477739877     
   97.0000000      -44.215820240574935     
   97.5000000      -43.403987589013774     
   98.0000000      -42.592154937462752     
   98.5000000      -41.780322285892645     
   99.0000000      -40.968489634339939     
   99.5000000      -40.714238331806136     
   100.000000      -40.459987029281159     
   100.500000      -40.205735726732790     
   101.000000      -39.951484424188301     
   101.500000      -40.990674063590092     
   102.000000      -42.029863702993531     
   102.500000      -43.069053342379689     
   103.000000      -44.108242981788656     
   103.500000      -44.978082861924889     
   104.000000      -45.847922742069876     
   104.500000      -46.717762622214124     
   105.000000      -47.587602502350506     
   105.500000      -48.274693105302966     
   106.000000      -48.961783708253911     
   106.500000      -49.648874311199343     
   107.000000      -50.335964914153124     
   107.500000      -50.987808912634108     
   108.000000      -51.639652911117714     
   108.500000      -52.291496909604327     
   109.000000      -52.943340908089674     
   109.500000      -52.918777649787955     
   110.000000      -52.894214391475820     
   110.500000      -52.869651133169555     
   111.000000      -52.845087874870991     
   111.500000      -50.967701242553169     
   112.000000      -49.090314610239325     
   112.500000      -47.212927977930981     
   113.000000      -45.335541345606742     
   113.500000      -41.846894848695214     
   114.000000      -38.358248351762327     
   114.500000      -34.869601854821013     
   115.000000      -31.380955357903009     
   115.500000      -28.583339975601831     
   116.000000      -25.785724593313603     
   116.500000      -22.988109211036765     
   117.000000      -20.190493828757493     
   117.500000      -18.296006363638753     
   118.000000      -16.401518898515729     
   118.500000      -14.507031433395390     
   119.000000      -12.612543968278933     
   119.500000      -10.404901896730172     
   120.000000      -8.1972598251821651     
   120.500000      -5.9896177536412134     
   121.000000      -3.7819756820917765     
   121.500000      -2.6104284791710626     
   122.000000      -1.4388812762396737     
   122.500000     -0.26733407330958292     
   123.000000      0.90421312962137035     
   123.500000      -0.0000000000000000     
   124.000000       5.4855332654237254E-002
   124.500000      0.11235432263521616     
   125.000000      0.10000188220305561     
   125.500000       8.9954805611854094E-002
   126.000000       3.1172957696712911E-002
   126.500000      -2.2587238839974710E-002
   127.000000      -3.9248566468873536E-002
   127.500000      -5.3353863973998439E-002
   128.000000     -0.75407256019092717     
   128.500000      -1.3268239618964661     
   129.000000      -1.9078761780477000     
   129.500000      -2.4553333873912275     
   130.000000      -3.1403629182748838     
   130.500000      -3.7907943883430275     
   131.000000      -5.0940465843908642     
   131.500000      -6.3264705927077092     
   132.000000      -12.331069018988208     
   132.500000      -17.180671877014749     
   133.000000      -20.957404166641627     
   133.500000      -24.425223060948323     
   134.000000      -30.039706634649363     
   134.500000      -34.825705580976120     
   135.000000      -48.533462888247676     
   135.500000      -51.052027451277581     
   136.000000      -57.109427997000438     
   136.500000      -62.446837303181120     
   137.000000      -69.265564427445810     
   137.500000      -75.663038494725413     
   138.000000      -96.557832068212292     
   138.500000      -100.39959510756366     
   139.000000      -107.73230474339471     
   139.500000      -114.45361143146641     
   140.000000      -115.62792586803997     
   140.500000      -116.58960956486649     
   141.000000      -118.49370428538015     
   141.500000      -120.39779900589171     
   142.000000      -121.48737618717841     
   142.500000      -122.57695336846713     
   143.000000      -123.72563559560716     
   143.500000      -124.87431782274739     
   144.000000      -125.77073605652460     
   144.500000      -126.66715429030128     
   145.000000      -127.07230177768749     
   145.500000      -127.47744926507089     
   146.000000      -127.87692117410676     
   146.500000      -128.27639308314218     
   147.000000      -128.68193765017134     
   147.500000      -129.08748221719964     
   148.000000      -129.46127508529275     
   148.500000      -129.83506795338724     
   149.000000      -130.20802710837310     
   149.500000      -130.58098626335817     
   150.000000      -127.18173508754377     
   150.500000      -123.78248391175744     
   151.000000      -117.52161107370257     
   151.500000      -111.26073823570486     
   152.000000      -104.91073520195731     
   152.500000      -98.560732168169139     
   153.000000      -94.944295670705870     
   153.500000      -91.327859173226727     
   154.000000      -91.883256823773479     
   154.500000      -92.438654474342016     
   155.000000      -93.496871029839042     
   155.500000      -94.555087585333126     
   156.000000      -95.639363472648100     
   156.500000      -96.723639359933514     
   157.000000      -97.807915247249483     
   157.500000      -98.892191134557663     
   158.000000      -99.671559200221822     
   158.500000      -100.45092726588707     
   159.000000      -101.23029533154832     
   159.500000      -102.00966339721650     
   160.000000      -101.83289541755437     
   160.500000      -101.65612743788739     
   161.000000      -101.47935945822708     
   161.500000      -101.30259147856214     
   162.000000      -100.62389627383766     
   162.500000      -99.945201069109174     
   163.000000      -99.266505864369293     
   163.500000      -98.587810659649833     
   164.000000      -97.946301997856978     
   164.500000      -97.304793336058751     
   165.000000      -96.663284674263423     
   165.500000      -96.021776012457337     
   166.000000      -95.215102006164926     
   166.500000      -94.408427999887863     
   167.000000      -93.601753993590819     
   167.500000      -92.795079987303822     
   168.000000      -92.193981094045867     
   168.500000      -91.592882200783919     
   169.000000      -90.991783307526234     
   169.500000      -90.390684414260619     
   170.000000      -90.085387328149963     
   170.500000      -89.780090242013387     
   171.000000      -89.474793155891859     
   171.500000      -89.169496069787030     
   172.000000      -88.627296705229526     
   172.500000      -88.085097340673016     
   173.000000      -87.542897976120472     
   173.500000      -87.000698611573299     
   174.000000      -86.153457788230398     
   174.500000      -85.306216964882097     
   175.000000      -84.458976141560825     
   175.500000      -83.611735318222600     
   176.000000      -83.428242264520264     
   176.500000      -83.244749210824267     
   177.000000      -83.061256157126707     
   177.500000      -82.877763103421188     
   178.000000      -83.147763661705881     
   178.500000      -83.417764219977244     
   179.000000      -83.687764778274357     
   179.500000      -83.957765336544810     
   180.000000      -84.677736059155052     
   180.500000      -85.397706781719336     
   181.000000      -86.117677504321804     
   181.500000      -86.837648226900711     
   182.000000      -88.278127855817417     
   182.500000      -89.718607484737049     
   183.000000      -91.159087113654778     
   183.500000      -92.599566742569053     
   184.000000      -94.180800191077623     
   184.500000      -95.762033639593113     
   185.000000      -97.343267088108078     
   185.500000      -98.924500536621977     
   186.000000      -99.814173882998034     
   186.500000      -100.70384722937681     
   187.000000      -101.59352057576558     
   187.500000      -102.48319392213712     
   188.000000      -101.95393331433559     
   188.500000      -101.42467270653374     
   189.000000      -100.89541209871122     
   189.500000      -100.36615149090981     
   190.000000      -98.180592057335190     
   190.500000      -95.995032623747505     
   191.000000      -93.809473190168532     
   191.500000      -91.623913756594462     
   192.000000      -88.088443502352348     
   192.500000      -84.552973248099320     
   193.000000      -81.017502993847856     
   193.500000      -77.482032739608059     
   194.000000      -73.892900622294462     
   194.500000      -70.303768504993116     
   195.000000      -66.714636387689112     
   195.500000      -63.125504270376780     
   196.000000      -60.718562364801976     
   196.500000      -58.311620459208442     
   197.000000      -55.904678553631648     
   197.500000      -53.497736648058513     
   198.000000      -52.100134151253002     
   198.500000      -50.702531654442836     
   199.000000      -49.304929157634227     
   199.500000      -47.907326660839857     
   200.000000      -46.470308403083529     
   200.500000      -45.033290145331989     
   201.000000      -43.596271887563972     
   201.500000      -42.159253629830161     
   202.000000      -41.491872697939762     
   202.500000      -40.824491766063602     
   203.000000      -40.157110834175690     
   203.500000      -39.489729902294243     
   204.000000      -41.005073373742718     
   204.500000      -42.520416845183682     
   205.000000      -44.035760316628355     
   205.500000      -45.551103788076091     
   206.000000      -47.697210803245717     
   206.500000      -49.843317818434862     
   207.000000      -51.989424833614486     
   207.500000      -54.135531848792354     
   208.000000      -54.530820688034552     
   208.500000      -54.926109527287927     
   209.000000      -55.321398366538126     
   209.500000      -55.716687205778406     
   210.000000      -55.516495096218478     
   210.500000      -55.316302986661945     
   211.000000      -55.116110877098805     
   211.500000      -54.915918767544667     
   212.000000      -54.952451656889863     
   212.500000      -54.988984546227549     
   213.000000      -55.025517435566897     
   213.500000      -55.062050324922446     
   214.000000      -54.516371736525919     
   214.500000      -53.970693148113369     
   215.000000      -53.425014559699243     
   215.500000      -52.879335971301771     
   216.000000      -51.556300275786718     
   216.500000      -50.233264580274877     
   217.000000      -48.910228884775904     
   217.500000      -47.587193189279851     
   218.000000      -46.744349952094502     
   218.500000      -45.901506714929042     
   219.000000      -45.058663477739877     
   219.500000      -44.215820240574935     
   220.000000      -43.403987589013774     
   220.500000      -42.592154937462752     
   221.000000      -41.780322285892645     
   221.500000      -40.968489634339939     
   222.000000      -40.714238331806136     
   222.500000      -40.459987029281159     
   223.000000      -40.205735726732790     
   223.500000      -39.951484424188301     
   224.000000      -40.990674063590092     
   224.500000      -42.029863702993531     
   225.000000      -43.069053342379689     
   225.500000      -44.108242981788656     
   226.000000      -44.978082861924889     
   226.500000      -45.847922742069876     
   227.000000      -46.717762622214124     
   227.500000      -47.587602502350506     
   228.000000      -48.274693105302966     
   228.500000      -48.961783708253911     
   229.000000      -49.648874311199343     
   229.500000      -50.335964914153124     
   230.000000      -50.987808912634108     
   230.500000      -51.639652911117714     
   231.000000      -52.291496909604327     
   231.500000      -52.943340908089674     
   232.000000      -52.918777649787955     
   232.500000      -52.894214391475820     
   233.000000      -52.869651133169555     
   233.500000      -52.845087874870991     
   234.000000      -50.967701242553169     
   234.500000      -49.090314610239325     
   235.000000      -47.212927977930981     
   235.500000      -45.335541345606742     
   236.000000      -41.846894848695214     
   236.500000      -38.358248351762327     
   237.000000      -34.869601854821013     
   237.500000      -31.380955357903009     
   238.000000      -28.583339975601831     
   238.500000      -25.785724593313603     
   239.000000      -22.988109211036765     
   239.500000      -20.190493828757493     
   240.000000      -18.296006363638753     
   240.500000      -16.401518898515729     
   241.000000      -14.507031433395390     
   241.500000      -12.612543968278933     
   242.000000      -10.404901896730172     
   242.500000      -8.1972598251821651     
   243.000000      -5.9896177536412134     
   243.500000      -3.7819756820917765     
   244.000000      -2.6104284791710626     
   244.500000      -1.4388812762396737     
   245.000000     -0.26733407330958292     
